EuroToDollar=1.12749
EuroToPound=0.87423
DollarToEuro=0.88693
DollarToPound=0.77538
PoundToEuro=1.14380
PoundToDollar=1.28977