EuroToDollar=1.11885
EuroToPound=0.87878
DollarToEuro=0.89377
DollarToPound=0.78543
PoundToEuro=1.13794
PoundToDollar=1.27318